p_val	avg_logFC	pct.1	pct.2	p_val_adj	cluster	gene
4.93788478877226e-299	0.841579700009084	0.923	0.281	1.34715372807285e-294	0	dkc1
2.77706681220749e-297	0.95311796596875	0.991	0.465	7.57639367706448e-293	0	snu13b
7.59726469059402e-295	1.04234874642351	0.997	0.507	2.07268575288786e-290	0	npm1a
1.41487550963923e-288	0.885311008363276	0.999	0.612	3.86006336539774e-284	0	cnbpa
7.05691425469011e-285	0.856851264765304	0.96	0.361	1.92526734696456e-280	0	nhp2
3.34205521663368e-281	0.844852574753226	0.831	0.229	9.11779504202e-277	0	fsta
3.91227859279894e-278	0.851459779473176	0.974	0.381	1.06734784568741e-273	0	fbl
2.27972752737738e-275	0.901292054498745	0.995	0.63	6.21955264019097e-271	0	ncl
9.22998022269533e-274	0.792643026825016	0.954	0.349	2.51812320435574e-269	0	rpa2
2.12339697595861e-263	0.849914794873969	0.977	0.444	5.79305162981028e-259	0	nop10
3.15447607238317e-263	0.852397441193676	0.972	0.403	8.60604162067575e-259	0	nop58
1.92979323132791e-259	0.685134596864718	1	0.824	5.2648618937088e-255	0	serbp1a
1.10235607113341e-256	0.942457363925451	0.997	0.452	3.00744783326616e-252	0	pcna
4.06632520759632e-249	0.683413185478222	0.863	0.273	1.10937484313643e-244	0	kpnb3
1.89585750348817e-246	0.788435658812976	0.979	0.421	5.17227844101642e-242	0	seph
7.79791728978005e-245	0.905807960287239	0.995	0.476	2.12742779499779e-240	0	ccnd1
3.62107732447004e-244	0.922267195062679	0.869	0.297	9.87902315661917e-240	0	hells
4.68617899652717e-242	0.752721312581317	0.831	0.262	1.27848335383254e-237	0	mcm6
2.67733357560749e-239	0.775415985208378	0.953	0.381	7.30430146097237e-235	0	rpa3
2.36219785833567e-238	0.739462019354733	0.942	0.375	6.44454819711137e-234	0	prps1a
2.16437479074656e-229	0.795501182350596	0.981	0.401	5.90484730411477e-225	0	rrm2
9.12250051760957e-227	0.755716515083934	0.993	0.516	2.48880059121424e-222	0	anp32b
7.84485555532073e-225	0.795934326578705	0.994	0.496	2.1402334926026e-220	0	banf1
9.73108154026929e-220	0.713369396393677	0.998	0.617	2.65483366581627e-215	0	ranbp1
6.36387803262597e-216	0.747181592885158	0.972	0.468	1.73619320486102e-211	0	sox19a
1.43507598352225e-203	0.729514676919123	0.813	0.276	3.91517429824541e-199	0	mcm3
2.6632095994828e-202	0.715303061935474	0.997	0.472	7.26576842930897e-198	0	cldn5a
1.32406554130211e-201	0.716356688237346	0.665	0.186	3.61231560978043e-197	0	rgcc
2.40464767103865e-195	0.786610911168597	0.992	0.621	6.56035977612765e-191	0	her2
2.78499895572648e-176	0.84879431723823	0.961	0.543	7.59803415101298e-172	0	her4.3
0	1.74677161860274	0.924	0.188	0	1	BX465834.1
0	1.61583429161713	0.849	0.127	0	1	CU467822.1
0	1.59147391879891	0.986	0.781	0	1	her12
0	1.59067240937516	0.73	0.073	0	1	CR848047.1
0	1.13663609571619	0.568	0.068	0	1	CU929451.2
5.03089356557764e-295	1.41961765455296	0.98	0.666	1.37252838256089e-290	1	si:ch73-21g5.7
2.15365047803727e-252	1.91181793748072	0.887	0.579	5.87558923418128e-248	1	her4.4
7.32298861203693e-224	2.34681209941415	0.791	0.367	1.99785775313591e-219	1	fabp7a
1.57544057296556e-214	0.992836982230679	0.967	0.675	4.29811697116463e-210	1	sb:cb81
1.73585623375699e-206	0.983704884132254	0.992	0.851	4.73576297693582e-202	1	AL929185.2
1.24543202639147e-200	1.48402500893671	0.286	0.023	3.39778765440122e-196	1	si:ch211-251b21.1
7.10597123248153e-198	1.01977165481616	0.906	0.633	1.93865107164561e-193	1	lrrn1
1.99713804562858e-183	0.773690171366002	0.391	0.06	5.44859201608389e-179	1	si:ch73-215f7.1
1.79504942392604e-176	0.940135956256676	0.981	0.856	4.89725383835502e-172	1	si:ch211-193l2.7
9.27968111596001e-175	0.915676713833983	0.358	0.059	2.53168260205621e-170	1	atp1b4
2.08890683941785e-165	1.24068795587233	0.364	0.067	5.69895563929978e-161	1	atp1a1b
9.28409891461731e-159	0.680669091195131	0.999	0.997	2.53288786588589e-154	1	tmsb4x
4.51312337004747e-142	1.05763188138647	0.74	0.422	1.23127031781635e-137	1	angptl4
1.07373886454413e-138	1.13486400728585	0.378	0.091	2.9293743702493e-134	1	prss35
7.18568316433045e-123	1.0325775035308	0.932	0.737	1.96039808089263e-118	1	her4.2.1
5.0000926703113e-99	0.75936240032635	0.364	0.115	1.36412528231433e-94	1	sox9b
6.68827365524844e-98	0.87753472009933	0.917	0.708	1.82469481862488e-93	1	her4.1
8.22956073809778e-96	0.707890278840795	0.861	0.683	2.24518876056784e-91	1	lfng
1.32578662386653e-94	0.884728133154179	0.923	0.724	3.61701106723268e-90	1	her4.2
3.05738406393208e-93	0.736368480001659	0.769	0.571	8.3411552032195e-89	1	gas1b
2.24885075033487e-84	0.801858663388761	0.662	0.486	6.13531461706359e-80	1	plp1a
3.52162634132188e-79	0.847412427279454	0.365	0.142	9.60770098439435e-75	1	ndst3
4.34963489487624e-78	0.726956526349974	0.643	0.446	1.18666739202014e-73	1	tspan3a
7.42798758029461e-51	0.763155986109428	0.531	0.389	2.02650357165598e-46	1	cd82a
1.53865168189175e-26	0.694910735741574	0.435	0.339	4.19774951853708e-22	1	zgc:165461
0	1.01289328296246	0.952	0.297	0	2	dkc1
1.97078008188943e-292	0.815918540458489	0.855	0.218	5.37668221941074e-288	2	surf6
1.33950617485811e-274	1.12118183666101	0.994	0.522	3.65444074624788e-270	2	npm1a
4.10899055454924e-271	0.780586799979041	0.822	0.207	1.12101480309212e-266	2	eif4ebp3l
1.51018188425637e-257	0.948298511053061	0.983	0.419	4.12007821662822e-253	2	nop58
5.52759978548825e-252	0.899456396477337	0.973	0.4	1.5080397734769e-247	2	fbl
2.7277343653816e-247	0.909857141793668	0.953	0.381	7.44180489563409e-243	2	nhp2
8.69129711085848e-245	0.774915645857061	0.869	0.259	2.37115967778441e-240	2	si:dkey-95p16.2
3.96982239311535e-244	0.93388136136599	0.996	0.641	1.08304694528973e-239	2	ncl
4.18007940782216e-244	0.932931932500973	0.983	0.482	1.14040926404204e-239	2	snu13b
2.10051455421442e-235	0.722964022252308	0.897	0.287	5.73062380680778e-231	2	kpnb3
8.73317116003764e-234	0.849217875397243	0.997	0.624	2.38258375588147e-229	2	cnbpa
1.33070547113797e-232	0.823125877942527	0.525	0.084	3.63043066635862e-228	2	cyp26c1
4.89544880062855e-229	0.863145035022799	0.977	0.46	1.33557634178748e-224	2	nop10
1.35946049550005e-222	0.894280780852815	0.999	0.488	3.70888012382323e-218	2	cldn5a
1.32214452552137e-218	0.784335764292479	0.958	0.391	3.60707469452741e-214	2	prps1a
1.29858480751749e-208	0.823513103534237	0.997	0.511	3.54279907186922e-204	2	banf1
4.78159045687844e-197	0.868660584222775	0.886	0.312	1.30451350844558e-192	2	hells
1.5286873463848e-196	0.782626649557823	0.769	0.241	4.17056481840702e-192	2	cdk1
2.07819304402195e-189	0.743568148967863	0.975	0.439	5.66972626270069e-185	2	seph
1.87293896629781e-187	0.743159026102238	0.996	0.53	5.1097520878537e-183	2	anp32b
1.55012924616498e-182	0.742958443342867	0.992	0.532	4.22906260938729e-178	2	nop56
5.58278499833575e-182	0.806694573426074	0.992	0.492	1.52309540324596e-177	2	ccnd1
4.38104274064356e-172	0.775094083104819	0.874	0.34	1.19523608050237e-167	2	junba
2.0265423398064e-156	0.760612638639332	0.996	0.469	5.52881281145983e-152	2	pcna
8.24238721917279e-154	0.726938134060513	0.996	0.638	2.24868808113472e-149	2	fosab
3.82528139125592e-150	0.730481579491491	1	0.631	1.04361326916244e-145	2	her2
2.1166006792236e-131	0.894286315928189	0.688	0.257	5.77450997305783e-127	2	msx1b
1.12604056311266e-129	1.10054839155674	0.467	0.123	3.07206386428395e-125	2	mafba
2.82949017300032e-70	0.897487746266788	0.378	0.129	7.71941508997947e-66	2	egr2b
3.82735860321143e-214	0.961366517319656	0.737	0.211	1.04417997412814e-209	3	sox21a
2.90246226736255e-174	0.644723041191312	0.999	0.985	7.9184975578185e-170	3	hmgn2
3.26388642539709e-139	0.752856427710897	0.737	0.292	8.90453494576835e-135	3	gbx1
1.58553981571786e-138	0.762428090485761	0.599	0.196	4.32566972524147e-134	3	foxb1a
3.66352073172841e-136	0.676145197487233	0.515	0.134	9.99481726030144e-132	3	sp8a
2.58592514386518e-129	0.699532695890561	0.923	0.49	7.05492097749298e-125	3	stmn1a
4.69017799347817e-124	0.808413397602856	0.569	0.181	1.27957436018072e-119	3	cyp26b1
8.98032603681921e-122	0.949883619677329	0.528	0.161	2.45001254936502e-117	3	ascl1b.1
1.18868464091299e-117	0.672678100600545	0.488	0.133	3.24296943733882e-113	3	CABZ01093502.1
9.28470964510912e-114	0.764803593615752	0.75	0.33	2.53305448537867e-109	3	rrm2.1
2.645879328329e-112	0.594721206715301	0.988	0.66	7.21848798354718e-108	3	sdc4
6.76033977456298e-112	0.588555714735957	0.895	0.506	1.84435589729627e-107	3	msna
1.4663550972162e-109	0.618466163910603	0.649	0.27	4.00050997622523e-105	3	pax6a
1.10427956636459e-107	0.627534063046907	1	0.822	3.01269551295588e-103	3	hmgb2a
1.81019413383554e-107	0.582637953286917	0.48	0.144	4.93857163593011e-103	3	ntn1a
1.94412595752765e-101	0.610682558193658	0.923	0.627	5.30396443732694e-97	3	tuba8l4
4.32281895098656e-99	0.550961858780832	0.52	0.172	1.17935146620815e-94	3	efna1b
4.46370011182453e-98	0.550953711816074	0.709	0.338	1.21778666450797e-93	3	rnd1b
3.28686999635718e-91	0.563025427994508	0.827	0.453	8.96723872406166e-87	3	zbtb16a
3.35831063010833e-86	0.551875804832934	0.975	0.698	9.16214306106154e-82	3	serpinh1b
1.35038033941589e-81	0.667129302374424	0.925	0.608	3.68410764199443e-77	3	her9
1.36897555978045e-81	0.765560568919638	0.325	0.086	3.73483912219302e-77	3	dbx1b
2.60248928635062e-81	0.572280524963784	0.921	0.481	7.10011127102175e-77	3	pcna
2.48402736844458e-80	0.537645246071182	0.776	0.407	6.77692346659051e-76	3	lig1
9.25630319447985e-73	0.884601878313361	0.453	0.172	2.52530463751799e-68	3	neurog1
9.81826491427977e-73	0.596851940217138	0.62	0.302	2.67861903391381e-68	3	myclb
6.59894727111425e-70	0.606072801755699	0.912	0.635	1.80032479450539e-65	3	atf3
1.43539250032108e-56	0.567929335314321	0.934	0.647	3.91603781937596e-52	3	fosab
3.19110801719569e-56	0.617143604440119	0.332	0.114	8.70598089251329e-52	3	dbx1a
9.1846760591827e-40	0.645586196719705	0.895	0.686	2.50576332246622e-35	3	si:ch211-193l2.5
0	1.29682046316214	0.947	0.272	0	4	msx3
5.87855946211775e-284	1.23734425522304	0.885	0.226	1.60378859245496e-279	4	zic2b
2.56631896931313e-276	1.45800353854967	0.974	0.49	7.00143141208009e-272	4	stmn1a
3.92388574342865e-220	0.775578529156804	0.622	0.12	1.0705145085222e-215	4	zic4
5.16825145279856e-200	0.791963175111275	0.504	0.084	1.4100023613525e-195	4	casz1
8.91125288812727e-188	0.721160014716449	0.65	0.151	2.43116801293888e-183	4	zic1
5.06024263388357e-169	0.700726933592449	0.729	0.203	1.38053539537611e-164	4	zic3
1.65223554275471e-159	0.836443208262135	0.772	0.255	4.50762900774341e-155	4	msx1b
7.10649966591661e-138	0.992555450302088	0.791	0.331	1.93879523885537e-133	4	rrm2.1
9.2360419218343e-134	0.630755025376152	0.652	0.2	2.51977695711483e-129	4	zic2a
7.9467070193331e-131	0.795450963976523	0.993	0.63	2.16802060901446e-126	4	mdka
2.09128022664357e-122	0.583832880097912	0.553	0.161	5.70543071432899e-118	4	cdon
1.4166113619939e-120	0.673651503065239	0.952	0.628	3.86479911779175e-116	4	tuba8l4
3.85074838168381e-117	0.622459482775681	0.75	0.313	1.05056117349098e-112	4	epha2a
1.11750466534391e-111	0.714263020396645	0.977	0.481	3.04877622799125e-107	4	pcna
8.69854616541084e-100	0.593196888608186	0.826	0.418	2.37313736484739e-95	4	boc
2.94686347613605e-92	0.629679755102307	1	0.824	8.03963293559436e-88	4	hmgb2a
1.3904997032061e-90	0.582459308274862	0.847	0.439	3.79356129028687e-86	4	CABZ01074745.1
3.30010899614307e-89	0.609761437585643	0.943	0.599	9.00335736327753e-85	4	glulb
1.53720582425175e-87	0.562123263716418	0.826	0.407	4.19380492972361e-83	4	lig1
3.98910862109265e-81	0.522281654046337	0.824	0.434	1.0883086140065e-76	4	mcm7
5.77148977139664e-80	0.592683485317807	0.765	0.395	1.57457783943243e-75	4	slbp
2.62956198636369e-79	0.529022587833124	0.757	0.373	7.17397101119742e-75	4	asf1ba
7.68554643257115e-75	0.530724416727111	0.718	0.35	2.09677077773406e-70	4	atp1b3a
3.5455443363035e-71	0.5224424438926	0.931	0.61	9.67295405830321e-67	4	prmt1
7.57822432416095e-65	0.541435714884593	0.448	0.171	2.06749116011759e-60	4	pax7b
2.77226803337159e-63	0.585868714268055	0.598	0.278	7.56330164864438e-59	4	cdca7a
1.19546935261969e-54	0.635436843063676	0.304	0.092	3.26147948781705e-50	4	atoh1a
2.21110432032577e-52	0.524552170346914	0.785	0.451	6.03233480671277e-48	4	rrm2
1.04315043440949e-38	0.619803592927239	0.916	0.687	2.84592301515597e-34	4	si:ch211-193l2.5
4.84754364289886e-252	1.35647214293365	0.832	0.201	1.32250685665567e-247	5	gpm6ab
3.81924635858249e-250	1.15405649406341	0.88	0.216	1.04196679154848e-245	5	gng3
5.34143417838925e-250	1.10890950575056	0.851	0.194	1.45725007254815e-245	5	sncb
5.51748584901966e-242	1.56241298816501	0.63	0.114	1.50528048932954e-237	5	pou2f2a.1
4.1733922180712e-241	1.65615965469631	0.884	0.334	1.13858486493418e-236	5	zfhx3
9.34328859390022e-205	1.20501426484066	0.932	0.367	2.54903599418786e-200	5	stmn1b
6.20977944345704e-202	1.5108414310251	0.621	0.128	1.69415202776395e-197	5	mab21l2
1.08884492050697e-197	1.00010103634415	1	0.966	2.97058671212712e-193	5	ptmaa
5.28718568265393e-183	1.17348371718841	0.948	0.685	1.44244999794164e-178	5	zc4h2
6.81563014975416e-182	1.0031388905895	0.582	0.111	1.85944021745593e-177	5	basp1
8.39184520281561e-174	1.36563770953759	0.803	0.272	2.28946320823216e-169	5	ckbb
4.9832279805676e-168	1.23215922475508	0.748	0.239	1.35952425765845e-163	5	hmp19
2.51357723989062e-164	1.63011927310025	0.816	0.448	6.85754142586959e-160	5	zfhx4
3.03363098622581e-163	1.20995169864407	0.871	0.461	8.27635205662126e-159	5	gng2
3.3758115949804e-155	1.07845316077848	0.6	0.153	9.20988919342552e-151	5	fez1
3.4494777712691e-138	1.27595145765635	0.821	0.488	9.41086525557635e-134	5	tnrc6c1
2.45758309884467e-129	1.29311420020399	0.661	0.254	6.70477821026804e-125	5	pik3r3b
5.21590721092966e-126	1.18047680745723	0.413	0.082	1.42300380528583e-121	5	nrn1a
8.37311479452819e-126	1.04067725759647	0.996	0.976	2.28435317824318e-121	5	hsp70l
3.70113654133554e-124	0.993224716068508	0.405	0.082	1.00974407120716e-119	5	si:ch211-195b15.8
1.34135749447661e-115	1.07697899408709	0.379	0.076	3.6594915164311e-111	5	lhx1a
5.01209099098068e-112	1.02464888764096	0.475	0.119	1.36739866415935e-107	5	mab21l1
4.97667390420176e-111	1.15869464225988	0.768	0.479	1.35773617454432e-106	5	epb41a
1.31738380444555e-105	1.32637015785729	0.56	0.191	3.59408649528834e-101	5	ebf3a
5.17584448098155e-105	1.00645917810799	0.457	0.129	1.41207389130139e-100	5	cadm4
2.89167980276532e-78	1.1233001882804	0.414	0.14	7.88908083790434e-74	5	robo3
7.2828456525393e-76	1.37753622046195	0.256	0.051	1.98690595092577e-71	5	barhl2
1.59714269987598e-57	1.38640358055706	0.291	0.087	4.35732471380165e-53	5	alcama
3.37444009613609e-56	0.994758257525199	0.702	0.55	9.20614747027848e-52	5	meis2b
4.70329701667786e-51	1.02219543344979	0.446	0.208	1.28315349209005e-46	5	sox4a.1
4.06764428148161e-204	1.67650638321362	0.693	0.148	1.10973471287381e-199	6	scrt1a
1.73257945426509e-186	1.47934295781175	0.742	0.196	4.72682326712601e-182	6	nhlh2
2.61928491730526e-158	1.20477921071332	0.963	0.543	7.14593311139222e-154	6	elavl3
1.20264886531341e-151	1.21872934499916	0.84	0.346	3.28106663434804e-147	6	zfhx3
6.48983560902594e-143	1.05633758004718	0.47	0.088	1.77055695085446e-138	6	stap2a
1.60556606357276e-141	1.26891413821168	0.749	0.256	4.3803053346392e-137	6	dlb
2.89285201034842e-106	1.02250036136376	0.942	0.786	7.89227885463257e-102	6	sox11b
3.64550502981729e-105	1.09399510223065	0.688	0.251	9.94566682234754e-101	6	hmp19
1.87202157023101e-104	1.23818536699682	0.786	0.482	5.10724924790425e-100	6	epb41a
5.00342815243499e-104	1.02133862730299	0.4	0.083	1.36503526854731e-99	6	uncx
1.66144625576806e-102	0.817226774819773	0.515	0.131	4.53275767498641e-98	6	pou2f2a.1
1.11906443990656e-101	0.97915851409222	0.827	0.471	3.05303160495308e-97	6	gng2
8.89628680565554e-98	0.896631384040996	0.747	0.284	2.42708496631894e-93	6	ckbb
2.04503056125196e-96	0.955561130747563	0.442	0.11	5.57925237720759e-92	6	ppp1r14ab
3.38665608237054e-94	1.00844151409489	0.781	0.456	9.2394751239233e-90	6	zfhx4
1.07068698893199e-86	0.856187499188487	0.879	0.626	2.92104824320425e-82	6	tubb5
1.43888812399798e-84	1.00492766327092	0.379	0.09	3.92557457989128e-80	6	adcyap1b
4.6105574700313e-79	0.963332142745651	0.452	0.136	1.25785228897394e-74	6	scrt2
1.32763696597222e-75	0.908779792180886	0.792	0.599	3.6220591705654e-71	6	ZFHX3 (1 of many)
4.77833125454052e-75	1.3116032522225	0.273	0.052	1.30362433286375e-70	6	barhl2
2.36031299451105e-74	1.0191790450469	0.361	0.091	6.43940591162504e-70	6	nrn1a
6.58711005335703e-74	0.870550385641882	0.478	0.146	1.79709536475687e-69	6	mab21l2
3.09648466987533e-73	0.90347254119095	0.584	0.244	8.44782947635386e-69	6	myt1b
1.51200998072203e-72	1.44885942777914	0.253	0.047	4.12506562940585e-68	6	tal1
1.16101410540907e-69	0.801831088292096	0.807	0.524	3.16747868237701e-65	6	gpm6aa
6.66246445794477e-58	0.941538740218097	0.734	0.55	1.81765355341649e-53	6	meis2b
7.69565605674974e-48	0.90775139134622	0.662	0.501	2.09952888540246e-43	6	hes6
3.20521985372966e-37	0.835624757342498	0.662	0.559	8.74448080494526e-33	6	yaf2
2.52476788553703e-30	0.927850219728923	0.255	0.096	6.88807174532211e-26	6	pax2a
2.90493773976272e-30	0.944831055747505	0.251	0.093	7.92525114162065e-26	6	alcama
5.78198247400223e-215	1.65551204821826	0.982	0.605	1.57744045855729e-210	7	dla
5.98307134506611e-208	1.45895300709467	0.851	0.281	1.63230152436094e-203	7	dld
3.06786440844807e-207	1.70497390253417	0.666	0.134	8.36974767912801e-203	7	neurod4
2.30006650331663e-190	1.33990162902966	1	0.86	6.27504143434843e-186	7	AL929185.2
1.32146540678055e-184	1.29401543211795	0.637	0.141	3.60522192277871e-180	7	fstl1a
4.51869754261158e-172	1.29975734728661	1	0.863	1.23279106357529e-167	7	si:ch211-193l2.7
3.17764604375262e-165	1.52358171723902	0.715	0.237	8.66925393656591e-161	7	cep131
1.05750849945752e-156	1.38552725402056	0.555	0.112	2.88509468822001e-152	7	im:7152348
1.96637263786913e-144	1.08367505338339	0.793	0.254	5.36465783063456e-140	7	dlb
1.5412036042695e-141	1.13587838503997	0.987	0.687	4.20471167316806e-137	7	si:ch73-21g5.7
1.03459122538278e-132	0.869670443973034	0.477	0.092	2.82257178108931e-128	7	srrm4
5.22038638434953e-132	1.04660318122375	0.955	0.696	1.42422581337824e-127	7	sb:cb81
2.39153057542167e-127	1.10257456879874	0.964	0.687	6.52457371586539e-123	7	lfng
4.4435944069718e-124	1.09065672694715	0.92	0.609	1.21230142611005e-119	7	cdkn1ca
1.21134701595142e-123	1.00969306980886	0.942	0.649	3.30479692891867e-119	7	lrrn1
9.42671386874984e-121	0.854223420022451	0.599	0.162	2.57179607767233e-116	7	ebf2
1.14208726264241e-115	0.991294348533224	0.641	0.229	3.11584246994102e-111	7	si:ch211-163l21.4
5.9653298942406e-103	0.756055039065317	0.341	0.06	1.62746130174672e-98	7	sertad2a
3.93008375537381e-100	0.766152153718717	0.949	0.764	1.07220545014108e-95	7	si:dkey-42i9.4
3.4294302231494e-93	0.829226711449868	0.853	0.568	9.35617153479619e-89	7	rtca
4.20237104938986e-93	0.886124156912658	0.782	0.464	1.14649086969454e-88	7	notch1a
1.57113835026223e-92	0.865491776717974	0.94	0.686	4.28637964718541e-88	7	pou3f1
3.74285895317144e-85	1.31671530103684	0.557	0.194	1.02112677960423e-80	7	gadd45gb.1
1.10103909758822e-76	0.915588436893642	0.837	0.606	3.00385486604019e-72	7	nr2f6b
9.06170781100439e-66	1.06233088586161	0.486	0.18	2.47221512499822e-61	7	ascl1b.1
8.20003840625168e-61	1.06769009577912	0.835	0.604	2.23713447799358e-56	7	her4.4
6.89879347984069e-58	0.768139729804889	0.731	0.499	1.88212883717014e-53	7	rasgef1ba
2.90031554601192e-56	0.85889438901416	0.67	0.412	7.91264087262973e-52	7	nr2f1b
3.86970959905344e-42	0.91291025428606	0.29	0.093	1.05573417281376e-37	7	ascl1a
1.71405069053474e-32	1.09296514898798	0.392	0.189	4.67627309391686e-28	7	neurog1
7.77236497513262e-280	1.65661989765039	0.986	0.207	2.12045661251568e-275	8	sncb
2.42197230674829e-269	1.74976955094901	0.876	0.151	6.60762484727067e-265	8	elavl4
2.95363304215289e-266	1.33007578267253	0.703	0.083	8.05810166560151e-262	8	snap25a
4.31530638238023e-252	1.44205229000305	0.675	0.087	1.17730188724097e-247	8	onecut1
8.54469429344104e-240	1.49509830469762	0.969	0.233	2.33116349713658e-235	8	gng3
3.02775983505063e-227	1.13003573818296	0.633	0.077	8.26033438198513e-223	8	stmn2a
3.95584848940979e-225	1.3662664132367	0.743	0.117	1.07923458488078e-220	8	basp1
1.100473022007e-205	1.41451780759988	0.791	0.153	3.00231049863951e-201	8	gap43
5.05068120817656e-202	1.19465598474071	0.647	0.097	1.37792684721473e-197	8	cplx2l
3.61314668654936e-192	1.23040114190321	0.751	0.144	9.85738679024397e-188	8	stx1b
1.01894286455502e-187	1.24011397524993	0.692	0.12	2.77987992307901e-183	8	stmn2b
2.77872655965905e-183	1.27197558354049	0.72	0.137	7.58092180006183e-179	8	rtn1b
6.93571694231356e-177	1.15093114645046	0.602	0.095	1.89220229620199e-172	8	tmem59l
3.61875973445473e-172	1.4901275406495	0.958	0.384	9.87270030753939e-168	8	stmn1b
1.6517388679874e-169	1.25144955892736	0.737	0.158	4.50627397964322e-165	8	mllt11
2.74379853409292e-169	1.18594997741594	0.814	0.215	7.48563116071231e-165	8	ywhag2
2.96323357383761e-166	1.20626494768881	0.483	0.064	8.08429383614377e-162	8	rbfox1
2.32222719450586e-153	1.36967460946288	0.672	0.141	6.33550023205089e-149	8	mab21l2
3.76771145778977e-147	1.19112373628256	0.814	0.223	1.02790703991421e-142	8	gpm6ab
4.23052061982476e-146	1.18327227839526	0.452	0.063	1.15417063550059e-141	8	stmn4l
5.24480861041059e-129	1.13485945675622	0.387	0.051	1.43088868509222e-124	8	nell2b
1.3706328977477e-125	1.13199632787124	0.929	0.471	3.73936067163528e-121	8	gng2
5.39332753031879e-125	1.11754384710384	0.766	0.249	1.47140761682157e-120	8	atp6v0cb
9.22073043702694e-124	1.21767158347155	0.946	0.694	2.51559967782969e-119	8	zc4h2
1.47734747431521e-99	1.10035691005879	0.89	0.464	4.03049937942675e-95	8	tmsb
3.70043396072111e-97	1.4342934991329	0.497	0.122	1.00955239316393e-92	8	pbx3b
2.56344370853208e-95	1.09966286835936	0.867	0.564	6.99358712561722e-91	8	calm1a
1.27340600253784e-90	1.17994413126419	0.511	0.128	3.47410625612373e-86	8	mab21l1
1.00501241792251e-66	1.25153137296033	0.551	0.209	2.7418748785762e-62	8	sox4a.1
2.20222905736463e-66	1.14930279542971	0.376	0.099	6.00812131430219e-62	8	lmo4b
2.50095663293123e-234	1.73993474438336	0.71	0.103	6.82310988596297e-230	9	insm1a
2.15191982317817e-204	1.78768388775765	0.938	0.258	5.87086766159468e-200	9	dlb
1.25006611615361e-173	1.50481812531203	0.847	0.203	3.41043037809028e-169	9	nhlh2
4.3689300499421e-137	1.19647908308598	0.685	0.167	1.1919314962252e-132	9	ebf2
6.39793638751911e-137	1.32370149813037	0.981	0.553	1.74548500524296e-132	9	elavl3
3.40869815935183e-132	1.47784088545862	0.586	0.12	9.29961031834367e-128	9	im:7152348
4.18135885957478e-118	1.12365133904622	0.779	0.241	1.14075832406919e-113	9	myt1b
4.7122545996369e-118	0.955998368772625	0.52	0.098	1.28559729987294e-113	9	srrm4
2.01576448362183e-117	1.28450655543697	0.598	0.136	5.49940866421708e-113	9	scrt2
2.53260195101999e-112	1.5192327857314	0.601	0.149	6.90944464277272e-108	9	neurod4
1.98811463084636e-107	1.14968052770478	1	0.866	5.42397433587505e-103	9	si:ch211-193l2.7
4.43452696247036e-107	1.14237531017333	0.43	0.073	1.20982764590116e-102	9	insm1b
9.08573273849007e-102	1.28639513368341	0.935	0.616	2.47876960571486e-97	9	dla
1.62077620940799e-100	1.27162199695613	0.626	0.165	4.42180165450689e-96	9	scrt1a
5.25292944956744e-99	1.30048081808764	0.869	0.494	1.43310421243099e-94	9	hes6
5.25093044631818e-91	0.998060697230152	0.997	0.863	1.43255884436453e-86	9	AL929185.2
5.99396850728722e-80	1.06096413607053	0.969	0.789	1.6352744881581e-75	9	sox11b
1.70281792446307e-77	0.885868159703083	0.586	0.185	4.64562786152014e-73	9	spsb4a
9.10994368134538e-68	0.909324148693522	0.399	0.091	2.48537483514465e-63	9	uncx
1.30607088854286e-59	0.899141036016757	0.897	0.694	3.56322259812264e-55	9	pou3f1
2.99996149308576e-59	1.04577662159088	0.558	0.202	8.18449494543656e-55	9	gadd45gb.1
1.88013984569417e-54	0.871120626154577	0.548	0.222	5.12939752702284e-50	9	sept5a
1.22385448054198e-51	0.846362730146852	0.735	0.474	3.33891979381463e-47	9	notch1a
1.20286708630355e-50	0.82766317265874	0.648	0.269	3.28166198485335e-46	9	BX465834.1
2.4921796889434e-50	0.774677744881974	0.67	0.338	6.79916462737538e-46	9	tp53inp2
6.6842056698511e-47	0.845069845449951	0.405	0.138	1.82358499084878e-42	9	CU693502.1
6.67859144659014e-36	0.842609426922262	0.798	0.623	1.82205331845872e-31	9	cdkn1ca
1.38024718801375e-28	0.760826226966399	0.352	0.143	3.76559037833911e-24	9	plk3
2.01461933149929e-27	0.872093445814844	0.611	0.421	5.49628446019637e-23	9	nr2f1b
6.655382111628e-16	0.89718672025787	0.255	0.118	1.81572134769435e-11	9	vim
0	2.59802266638585	0.968	0.088	0	10	snap25a
0	2.20929668592	0.847	0.078	0	10	tmsb2
0	2.1465594071733	0.917	0.079	0	10	stmn2a
0	2.05642870763784	0.722	0.039	0	10	sncgb
0	1.87229779956102	0.782	0.021	0	10	syngr3b
0	1.73055780837053	0.542	0.017	0	10	map1ab
0	1.69602031658238	0.843	0.057	0	10	cpe
1.80712332853724e-306	2.35284519141238	0.917	0.1	4.93019386491529e-302	10	cplx2l
9.34593880798553e-299	2.21768708677159	0.773	0.069	2.54975902559461e-294	10	calm1b
1.45564846840597e-295	1.78772005034886	0.764	0.063	3.97130015150517e-291	10	rbfox1
3.20505069958916e-263	1.76518685434487	0.829	0.09	8.74401931861914e-259	10	zgc:65894
2.59796037226841e-261	1.75382155528816	0.898	0.115	7.08775548762268e-257	10	stxbp1a
2.3025720777535e-257	1.77022981509958	0.704	0.062	6.2818771425271e-253	10	eno1a
6.9466469340633e-255	2.02193055638953	0.954	0.142	1.89518421655115e-250	10	rtn1b
5.54059219385941e-248	2.10358126766811	0.921	0.125	1.51158436232872e-243	10	basp1
9.60941860294674e-241	2.36945629238656	0.977	0.164	2.62164158325593e-236	10	elavl4
2.67607615464338e-232	1.94076343501378	0.88	0.126	7.30087096509808e-228	10	stmn2b
5.90324682869226e-222	1.98051609984616	0.921	0.152	1.61052379980382e-217	10	stx1b
5.11293824404614e-209	2.35720535174208	0.986	0.225	1.39491181174067e-204	10	sncb
1.47218228656986e-202	2.33353823784668	0.968	0.223	4.01640771421988e-198	10	ywhag2
3.51419931870471e-195	1.99139422397085	0.995	0.249	9.58743858129019e-191	10	gng3
2.2415744136659e-194	1.73495657730597	0.907	0.166	6.11546331536331e-190	10	mllt11
5.21579367569801e-190	2.15435924805474	0.88	0.165	1.42297283060393e-185	10	gap43
5.3343984436746e-186	1.73272807575867	0.88	0.174	1.4553305834033e-181	10	atpv0e2
1.28034201241655e-182	1.9561290437287	0.981	0.253	3.49302907827484e-178	10	atp6v0cb
2.4105014736105e-143	2.0704474000998	0.815	0.202	6.57633012030416e-139	10	aldocb
1.99208246702455e-137	2.1394200605384	0.972	0.4	5.43479938653637e-133	10	gapdhs
2.72680577035261e-126	1.99151241186402	0.981	0.567	7.43927150267599e-122	10	calm1a
1.19872205083832e-111	1.68615841698029	0.579	0.102	3.27035349909711e-107	10	rbfox3a
1.69557875782026e-64	2.02180796932344	0.343	0.058	4.62587796708523e-60	10	pcp4a
0	3.49339777508155	0.934	0.027	0	11	ctgfa
0	3.08458273400711	1	0.012	0	11	shha
0	3.08066844762264	0.967	0.019	0	11	spon1b
0	2.73615238693903	0.77	0.005	0	11	loxl5b
0	2.36849442178505	0.902	0.009	0	11	col9a2
0	2.36409835444638	0.869	0.008	0	11	col9a1b
0	2.35533240988261	0.836	0.012	0	11	col9a3
0	2.21252962945714	0.902	0.012	0	11	fxyd1
0	2.17486303315234	0.885	0.004	0	11	shhb
0	2.16931528290007	0.393	0.003	0	11	clu
0	2.07063048051583	0.885	0.025	0	11	slit1b
0	2.06603734083579	0.934	0.014	0	11	vasna
0	1.9176767227247	0.492	0.001	0	11	cyr61l2
0	1.78790091760588	0.885	0.004	0	11	ldlrad2
5.52102277615481e-271	1.99920512895866	0.918	0.032	1.50624543379055e-266	11	foxa
3.76195697327519e-265	2.10983040837513	0.967	0.039	1.02633710144894e-260	11	foxj1a
3.58122117560922e-261	1.86459537746317	0.721	0.02	9.77028761129707e-257	11	tagln2
3.82420240853753e-254	2.46977467890802	0.918	0.036	1.04331890109721e-249	11	ntn1b
1.3001317296336e-152	2.62242507131697	0.918	0.07	3.54701938478639e-148	11	col11a1a
2.27544621853468e-148	1.76817430852355	0.754	0.044	6.20787237340631e-144	11	col5a1
3.02269306173387e-146	2.25295246260716	0.918	0.07	8.24651121102234e-142	11	slit2
4.54279183753555e-146	1.79784892213747	0.557	0.022	1.23936446911645e-141	11	cd81b
2.22520798693945e-104	2.85860236427552	0.967	0.128	6.0708124299682e-100	11	krt18
4.15101524267021e-104	1.99384083553854	0.967	0.121	1.13247997850529e-99	11	metrnl
4.44249975323919e-54	1.80918121391512	0.934	0.235	1.21200278267872e-49	11	cnn2
3.23452674273136e-50	2.93960748182841	0.869	0.215	8.82443585951971e-46	11	zgc:162730
7.32260253783336e-50	2.46267140550487	1	0.344	1.9977524243717e-45	11	sparc
6.11141402880331e-49	2.28912705599107	0.869	0.217	1.66731597533812e-44	11	col2a1a
4.78291354948759e-46	2.23967341483307	0.934	0.298	1.3048744745712e-41	11	krt8
1.63040409013402e-38	2.63631701832584	0.984	0.407	4.44806843870364e-34	11	hapln1a
